.Random.seed <-
c(403L, 538L, 619534875L, 1614102050L, -905851988L, -1037516057L, 
572092333L, 1758575573L, -1291726774L, 884844928L, 231220875L, 
-413412154L, 90669847L, -60639742L, -362083936L, 344666799L, 
-483919794L, -1023044615L, -1248537667L, 263461927L, -2041579237L, 
-1131634633L, -721029518L, -1261030721L, 256826915L, 1264531639L, 
741834795L, 1167710037L, 447840789L, 1059990321L, 26221140L, 
-2011747571L, 1233984135L, 1712147065L, -1960134552L, -221993721L, 
1377796206L, 2137489543L, -1776748028L, 333629425L, 2082068226L, 
2095014272L, -463123373L, 1642987602L, -983461856L, 1090015694L, 
-1755287050L, -1428341256L, -1099577901L, 121265303L, 1323020229L, 
23697661L, 1851105405L, -1573805245L, -1773630647L, 1544856942L, 
-1952848695L, 469263072L, -548378311L, -437811671L, -334752119L, 
-918964909L, 638799368L, 1224845042L, -741158777L, 1273306891L, 
451397273L, -546890791L, 1971422908L, -1104193258L, -1324279164L, 
-824882284L, -1329580874L, 1338712917L, -582173473L, -303499579L, 
-1527475326L, -1676185728L, -1447036306L, 663256370L, -1784336484L, 
-1181228720L, 81210513L, -1712391291L, 782153940L, 34028339L, 
1534842585L, -1188598261L, 698131196L, -317409107L, -590271287L, 
-1324578430L, -171011988L, 100502907L, -448431359L, 649897261L, 
619894761L, -1435955158L, -1507905326L, 753366493L, -641600317L, 
-1566643597L, 602575660L, 1395278461L, 193176297L, 257763271L, 
-1811527288L, 1804180241L, -1911176212L, 919557396L, -90936263L, 
1793531545L, 1893278203L, 87390879L, -48224631L, 703510115L, 
1882615581L, 1379431586L, 1040549394L, -290523999L, -712341622L, 
576944049L, -2034826650L, 497807161L, 826191263L, 1895118037L, 
1310918647L, -1319719116L, 154091983L, -1889661109L, 222375537L, 
200734186L, 319474570L, -274195815L, -1515075271L, 2127546107L, 
1407686995L, 63957911L, -220754045L, -1720586694L, -253742647L, 
-400669405L, -833061767L, 1360197669L, -272702053L, 2138728609L, 
-713799238L, -1090132989L, 2069634522L, -205728285L, -251126229L, 
-1552492775L, -1283249309L, -1346376285L, -1385735005L, 1068961637L, 
-240189543L, 1850641696L, 559428454L, -377044155L, -945933027L, 
1620875889L, 474133302L, -441362847L, -1107128749L, -556604759L, 
-1848511713L, -158067987L, 321432453L, -872285095L, -1557795183L, 
-1966766610L, -1160988427L, -1928401763L, -446989632L, 1837760728L, 
-2110448612L, 1078504713L, 1433315566L, -1756814521L, -2110307083L, 
799482106L, 796729218L, 648625767L, 1255426434L, 701492366L, 
1805298193L, -1904088200L, 1595809822L, -1853790244L, 998103858L, 
-1373543319L, 1479051155L, -95178884L, -1409603291L, -438000954L, 
-702588114L, -1358066824L, -1719480057L, -1450573378L, 1463448946L, 
393171306L, 1130240728L, -831534369L, 94683819L, 152610504L, 
-189006548L, -1690103495L, 222386926L, 772761607L, 902791357L, 
-597025555L, -1062126674L, 3267671L, 1005766856L, 550704664L, 
-366552389L, 2144165486L, -1092854474L, -1249331935L, 722570758L, 
1225080770L, 1329100848L, -1386773570L, 1635625286L, -1320973860L, 
304714756L, -554039733L, 28577988L, 473150030L, 1257421133L, 
-1749629521L, -1438205798L, 416901056L, 2115129605L, -166835475L, 
-2019944803L, -296458227L, -1971215452L, 1884445737L, -1378396418L, 
-1001003023L, 1079392840L, -1342419230L, 631924416L, -1980723043L, 
1988799834L, -456395826L, -1732563452L, -16014211L, 2030981792L, 
2095478164L, 1469542907L, -1080615008L, -70820540L, -1032008296L, 
-1004020640L, 345850005L, 1629863496L, -136105548L, 1367094783L, 
-795774030L, 1670159046L, -692343972L, 1746050042L, 1605253065L, 
-1359526798L, 1549891684L, -1611136530L, 1971800359L, -1840437610L, 
-271445014L, -544249374L, 1680611425L, 171374741L, -1606238970L, 
310331595L, -1737663355L, 1905566643L, 474038811L, 139324457L, 
-1288309768L, 1293914553L, 1369115565L, 761479739L, 1028972985L, 
-1673160758L, -1745846276L, 1087279861L, -805587309L, -133230681L, 
1668052232L, -1580239666L, 25404169L, -1203747532L, -2021277937L, 
-211869683L, 345705082L, 1845494404L, -250195694L, -584631958L, 
1309251375L, -1188617281L, -480835014L, 2066923267L, -787282425L, 
1602795282L, 180896278L, 208818723L, -366758317L, 1832384193L, 
1457653130L, 313062230L, -956080499L, 1151444769L, -817470204L, 
-1837270820L, -625033094L, 1741969972L, -452564328L, -759965903L, 
1269091056L, -1268586996L, 1351901434L, 1724880362L, 658237448L, 
-982794643L, 1938976424L, -1954156374L, 1200873355L, 1162667727L, 
-1522322723L, 579586045L, -884526411L, 1726483377L, 196149854L, 
-278477870L, -1146802134L, 362119373L, -2038569571L, -460801878L, 
-546204721L, 302371659L, -8054761L, 299293460L, 177955626L, 782740169L, 
-1157779034L, 1069103122L, 550977593L, -1965742545L, -970988039L, 
2086366546L, -1522229012L, 1412614355L, -1092225571L, 1940875272L, 
-1242745317L, -1139079308L, 1521664867L, -1792626710L, -971906705L, 
-162951729L, -623790158L, 1658771335L, 1110189433L, -1548292845L, 
1811317587L, 1489895682L, 295120530L, -1077581917L, 630545943L, 
690576976L, 648847177L, 1607846825L, -327657927L, 870670738L, 
-881783737L, -1960089391L, -181822187L, 24999804L, 1191936539L, 
1986456874L, 1683847828L, 1359720764L, 1013095601L, -1553641619L, 
310766711L, -1309462220L, 327338215L, 1839763203L, -527621712L, 
1806527172L, -645969766L, -306836580L, -421999260L, 1041773237L, 
-1495053992L, -1221176666L, 2039647170L, 1459748376L, 2063390000L, 
-710461175L, -1628119994L, 1097824007L, 869376151L, 2048909794L, 
714060931L, 260917380L, -1495090829L, 1080575703L, 1671848561L, 
-1031638821L, -204591073L, -1261572043L, 355174347L, 680440731L, 
2132651887L, 1113565299L, 820113164L, 1871370223L, -2117305297L, 
1847128960L, -1372038829L, 1737803184L, 1833251280L, 507994310L, 
52906158L, 1231339833L, -1854602301L, -1082416318L, 1524558031L, 
-954876988L, 875166659L, -2025413517L, -1062307491L, 356713590L, 
468469983L, -1413818182L, 6805978L, 661208720L, 806032289L, -1394512777L, 
-1559103248L, 516238227L, 1985176241L, -394219256L, -1594696126L, 
-752365370L, -706301473L, 1207851733L, 1241419010L, -1339823755L, 
1547843310L, 1519350374L, -85553245L, 1452573719L, -510281262L, 
-1988357951L, 1749341592L, 1255098159L, 464008289L, -686784175L, 
1001344841L, 1807372577L, 1824887391L, 391411411L, -51742564L, 
-1170800939L, 408002721L, 475803387L, -540428145L, 1720882158L, 
-249766694L, 159783919L, -1247529161L, 1329483462L, -1252786179L, 
6768287L, 753246980L, -816130590L, -1292350230L, 1947807039L, 
-454329689L, 1000441841L, 930942777L, -1025801481L, -390409880L, 
-1931758102L, -1756846836L, 6437559L, -454828831L, -468836507L, 
-1784026923L, 1581891416L, -858936497L, 752854236L, -1717556603L, 
-1257529951L, -261201627L, -1889293916L, 1575291456L, 119229857L, 
1259751645L, -1680990613L, 2047135222L, -688143903L, 813851401L, 
-2112006761L, 1917492235L, 1346257431L, -1851332341L, 338231077L, 
836995849L, 644079757L, 1519534464L, -130534744L, 381238242L, 
1464995982L, 1570662550L, 1181097161L, 377359424L, 1972846279L, 
341659933L, -1421995153L, -1531240379L, -1531925369L, -1723243836L, 
1927266210L, 1587403631L, -576322357L, 463124765L, 137124025L, 
579682174L, -1160106550L, 78086058L, 504290861L, 1205030631L, 
992560403L, 1893567825L, -473098669L, 326081556L, -91383548L, 
842600212L, -2072733296L, 1977683557L, 1537399844L, 1562192583L, 
337255630L, 1976811265L, 2063832323L, -1796841104L, -825177221L, 
-686652888L, -1672837132L, -590137963L, 1137864955L, 1285243437L, 
-202126599L, 160133772L, 1807708010L, 1630938407L, 267741325L, 
-510940315L, -2062972206L, -1804502558L, 819766345L, -1952404188L, 
-1847540758L, -803880554L, -752507473L, -303983570L, 1398704482L, 
1662564372L, 494088666L, -509598212L, -1711157716L, -1224184952L, 
1688508982L, 1095165245L, 635912027L, 790218090L, -1786014661L, 
143048069L, 1902015206L, 1526990621L, 2064443218L, 1847087094L, 
446524386L, 26136975L, -938966936L, 1203425476L, -1731669664L, 
-1540135614L, -984522983L, 1508090100L, -1649010499L, -993418949L, 
